USER = fnlz75 (YourFirstName YourLastName),
ALGORITHM CODE = PS, NAME OF CITY-FILE = AISearchfile180.txt,
SIZE = 180, TOUR LENGTH = 2360,
105,150,4,168,156,151,164,153,93,52,22,63,66,95,25,18,64,58,69,146,90,149,178,98,80,82,46,122,173,26,92,23,107,152,154,116,171,108,31,179,27,9,106,133,24,158,81,76,49,114,28,57,2,32,125,167,97,169,117,89,155,47,99,67,70,174,137,159,147,43,141,157,38,136,30,160,42,94,140,118,13,109,50,34,16,161,8,45,68,134,172,40,135,101,19,60,0,129,119,29,33,143,78,87,56,130,85,121,126,55,144,15,124,36,88,75,44,166,35,142,176,132,41,102,48,12,1,175,10,96,131,62,123,79,11,165,110,7,17,162,6,53,73,59,84,72,113,115,5,170,61,83,71,138,111,91,145,20,177,103,54,21,14,74,139,77,148,127,3,104,120,65,51,163,86,37,39,100,128,112,
NOTE = Implementation of a PSO-MMAS hybrid algorithm for TSP.
PSO Params: w=0.7, c1=1.5, c2=1.5, num_parts=180.
MMAS Params: alpha=1.0, beta=3.0, rho=0.1, Q=1.0, mmas_a=360, num_ants=20.
Max Iterations: 300.
Parameters: max_it=300, num_parts=180, num_ants=20.
RUN-TIME = 66.7 seconds.
DATE-TIME = 22/04/2025-08:50:16.
CERTIFICATE = 12847.
