USER = fnlz75 (YourFirstName YourLastName),
ALGORITHM CODE = PS, NAME OF CITY-FILE = AISearchfile180.txt,
SIZE = 180, TOUR LENGTH = 2390,
93,52,95,66,12,48,108,171,161,16,160,30,35,142,94,42,15,144,138,71,154,116,60,19,73,59,65,120,25,18,74,14,54,21,147,43,17,162,153,164,176,132,68,134,24,158,69,146,41,102,22,63,80,82,34,50,140,118,13,109,27,9,106,133,1,175,57,28,51,163,86,37,143,33,70,174,104,3,166,44,100,39,148,127,32,2,49,114,103,177,91,111,128,112,173,26,92,23,78,87,129,0,107,152,83,61,155,47,165,11,159,137,125,167,29,119,178,98,115,113,145,20,64,58,136,38,121,85,130,56,53,6,157,141,117,89,156,151,36,124,170,5,55,126,40,172,110,7,90,149,150,105,79,123,135,101,76,81,31,179,99,67,46,122,8,45,168,4,72,84,139,77,88,75,97,169,10,96,131,62,
NOTE = Implementation of a PSO-MMAS hybrid algorithm for TSP.
PSO Params: w=0.7, c1=1.5, c2=1.5, num_parts=180.
MMAS Params: alpha=1.0, beta=3.0, rho=0.1, Q=1.0, mmas_a=360, num_ants=20.
Max Iterations: 100.
Parameters: max_it=100, num_parts=180, num_ants=20.
RUN-TIME = 21.4 seconds.
DATE-TIME = 22/04/2025-08:49:00.
CERTIFICATE = 13330.
