USER = fnlz75 (YourFirstName YourLastName),
ALGORITHM CODE = PS, NAME OF CITY-FILE = AISearchfile180.txt,
SIZE = 180, TOUR LENGTH = 2060,
55,126,151,156,47,155,32,2,40,172,134,68,124,36,175,1,123,79,11,165,110,7,49,114,28,57,163,51,10,96,131,62,12,48,108,171,116,154,152,107,23,92,26,173,122,46,31,179,33,143,78,87,129,0,60,19,73,59,174,70,119,29,88,75,139,77,44,166,3,104,120,65,25,18,102,41,84,72,4,168,14,74,37,86,94,42,160,30,136,38,157,141,109,13,69,146,176,132,118,140,34,50,125,167,97,169,117,89,45,8,161,16,82,80,63,22,58,64,20,145,113,115,98,178,66,95,52,93,153,164,106,133,24,158,81,76,101,135,99,67,27,9,5,170,144,15,127,148,39,100,35,142,61,83,71,138,128,112,105,150,149,90,21,54,103,177,91,111,53,6,162,17,43,147,159,137,121,85,130,56,
NOTE = Implementation of a PSO-MMAS hybrid algorithm with 2-opt local search for TSP.
PSO Params: w=0.7, c1=1.5, c2=1.5, num_parts=60.
MMAS Params: alpha=1.0, beta=3.0, rho=0.1, Q=1.0, mmas_a=360, num_ants=30.
Max Iterations: 500.
Parameters: max_it=500, num_parts=60, num_ants=30.
RUN-TIME = 135.6 seconds.
DATE-TIME = 22/04/2025-16:31:29.
CERTIFICATE = 13007.
