USER = fnlz75 (Morgan Rosca),
ALGORITHM CODE = PS, NAME OF CITY-FILE = AISearchfile180.txt,
SIZE = 180, TOUR LENGTH = 1950,
11,165,110,7,49,114,28,57,175,1,123,79,80,82,10,96,131,62,12,48,108,171,22,63,65,120,104,3,166,44,77,139,37,86,163,51,33,143,78,87,129,0,60,19,73,59,174,70,74,14,168,4,72,84,119,29,88,75,25,18,21,54,103,177,91,111,128,112,105,150,149,90,5,170,132,176,164,153,93,52,95,66,126,55,68,134,172,40,2,32,155,47,156,151,36,124,61,83,71,138,144,15,127,148,39,100,35,142,30,160,42,94,140,118,13,109,141,157,38,136,64,58,69,146,41,102,178,98,115,113,145,20,27,9,106,133,24,158,81,76,101,135,99,67,46,122,173,26,92,23,107,152,154,116,179,31,16,161,8,45,89,117,169,97,167,125,50,34,43,147,159,137,121,85,130,56,53,6,162,17,
NOTE = 
Enhanced PSO‑ACO‑3Opt: α=1.280, β=2.000, seed=1746040616, max_it=800, ants=10, swarm=10. Optimized for large instances with candidate lists and delta evaluation.
The parameter values are 'max_it' = 800 and 'num_parts' = 10.
RUN-TIME = 93.7 seconds.
DATE-TIME = 30/04/2025-22:18:29.
CERTIFICATE = 12860.
