USER = fnlz75 (Morgan Rosca),
ALGORITHM CODE = PS, NAME OF CITY-FILE = AISearchfile535.txt,
SIZE = 535, TOUR LENGTH = 49141,
177,280,421,94,271,62,471,167,378,19,262,416,379,478,415,346,480,123,184,449,42,505,263,159,403,527,451,350,413,437,52,310,477,178,514,100,367,433,352,212,61,232,122,501,289,221,318,32,422,40,227,465,146,483,18,362,168,412,294,148,133,401,139,191,36,450,315,235,428,37,268,71,205,513,345,304,51,297,392,49,340,279,169,508,496,374,506,270,414,472,17,395,385,214,198,70,99,333,106,515,314,322,3,357,77,72,41,423,112,104,196,195,251,125,377,120,521,485,487,211,400,497,16,293,141,370,199,499,147,243,334,254,68,87,158,171,187,275,409,355,2,344,185,320,108,157,134,132,317,7,361,256,114,431,83,426,302,407,368,24,326,504,356,13,54,522,382,21,237,482,436,78,228,113,411,6,179,98,28,260,121,272,253,526,397,438,467,204,292,376,64,373,442,176,131,531,15,10,510,45,284,172,511,203,175,136,444,82,81,162,27,498,117,86,387,39,424,170,200,348,353,155,463,74,26,116,500,417,308,233,242,369,495,46,468,189,286,458,14,160,79,447,206,469,97,220,130,502,249,84,50,80,88,396,448,183,364,9,57,330,456,127,1,93,58,164,118,418,101,89,207,277,11,66,321,390,324,181,381,419,492,452,332,250,351,470,138,360,182,343,95,529,461,192,151,267,30,341,278,528,325,20,316,518,274,459,524,309,111,210,323,110,165,234,391,404,331,230,464,530,186,300,153,213,479,259,209,455,43,0,410,34,435,298,399,92,65,135,443,290,252,180,149,306,222,128,166,525,473,38,142,408,238,342,291,239,296,91,8,48,173,245,519,319,119,163,265,137,520,441,339,434,365,383,336,474,532,248,218,354,273,311,457,430,246,283,285,217,140,236,398,486,329,244,493,56,188,303,337,29,491,257,358,489,154,282,517,59,445,240,107,215,287,161,490,124,488,194,224,216,363,509,5,453,507,425,281,394,349,386,208,73,484,103,75,440,60,174,299,359,143,427,327,516,481,476,388,295,229,63,466,389,420,402,405,96,35,144,313,307,22,90,223,225,126,533,269,150,366,375,512,432,462,201,145,255,446,109,47,193,276,460,85,347,247,258,231,338,264,534,261,44,12,33,105,76,23,429,335,197,241,494,190,328,156,371,67,393,129,305,301,503,53,288,439,115,266,312,380,226,406,69,25,102,372,152,454,475,384,523,31,219,202,4,55,
NOTE = 
Enhanced PSO‑ACO‑3Opt: α=0.880, β=1.997, seed=1746042519, max_it=800, ants=10, swarm=10. Uses candidate lists and delta evaluation with consistent behavior for all city sizes.
The parameter values are 'max_it' = 800 and 'num_parts' = 10.
RUN-TIME = 1515.6 seconds.
DATE-TIME = 30/04/2025-23:13:54.
CERTIFICATE = 97670.
