USER = fnlz75 (YourFirstName YourLastName),
ALGORITHM CODE = PS, NAME OF CITY-FILE = AISearchfile180.txt,
SIZE = 180, TOUR LENGTH = 2240,
31,179,116,154,152,107,23,92,5,170,53,6,109,13,118,140,94,42,160,30,81,76,101,135,99,67,46,122,148,127,15,144,138,71,83,61,142,35,37,86,79,123,1,175,104,3,166,44,88,75,25,18,20,145,113,115,66,95,52,93,153,164,176,132,24,158,143,33,70,174,59,73,19,60,162,17,16,161,171,108,48,12,62,131,117,89,45,8,173,26,91,111,128,112,39,100,163,51,65,120,57,28,114,49,7,110,165,11,43,147,125,167,97,169,96,10,82,80,63,22,102,41,146,69,58,64,21,54,56,130,55,126,178,98,136,38,157,141,133,106,9,27,0,129,87,78,29,119,177,103,85,121,137,159,105,150,149,90,168,4,72,84,139,77,74,14,32,2,40,172,134,68,124,36,151,156,47,155,50,34,
NOTE = Implementation of a PSO-MMAS hybrid algorithm for TSP.
PSO Params: w=0.7, c1=1.5, c2=1.5, num_parts=50.
MMAS Params: alpha=1.0, beta=3.0, rho=0.1, Q=1.0, mmas_a=360, num_ants=20.
Max Iterations: 800.
Parameters: max_it=800, num_parts=50, num_ants=20.
RUN-TIME = 139.9 seconds.
DATE-TIME = 22/04/2025-08:48:14.
CERTIFICATE = 12424.
