USER = fnlz75 (YourFirstName YourLastName),
ALGORITHM CODE = PS, NAME OF CITY-FILE = AISearchfile180.txt,
SIZE = 180, TOUR LENGTH = 2130,
147,43,17,162,6,53,56,130,165,11,79,123,1,175,63,22,171,108,48,12,62,131,96,10,82,80,132,176,164,153,93,52,95,66,126,55,174,70,51,163,86,37,139,77,44,166,3,104,120,65,129,0,101,135,110,7,49,114,28,57,99,67,27,9,2,32,155,47,156,151,36,124,68,134,71,138,177,103,54,21,90,149,152,107,23,92,26,173,144,15,127,148,39,100,35,142,136,38,157,141,145,20,64,58,106,133,109,13,118,140,94,42,34,50,125,167,97,169,117,89,45,8,161,16,122,46,31,179,116,154,150,105,112,128,111,91,178,98,115,113,30,160,61,83,5,170,87,78,143,33,158,24,40,172,76,81,69,146,41,102,18,25,75,88,29,119,84,72,4,168,14,74,59,73,19,60,85,121,137,159,
NOTE = Implementation of a PSO-MMAS hybrid algorithm with 2-opt local search for TSP.
PSO Params: w=0.7, c1=1.5, c2=1.5, num_parts=100.
MMAS Params: alpha=1.0, beta=3.0, rho=0.1, Q=1.0, mmas_a=360, num_ants=20.
Max Iterations: 500.
Parameters: max_it=500, num_parts=100, num_ants=20.
RUN-TIME = 88.0 seconds.
DATE-TIME = 22/04/2025-16:50:27.
CERTIFICATE = 13138.
